c0,c1,c2,c3,c4,c5,c6,c7,c8,c9,img
0.0000000,0.0000000,0.0000001,0.0000000,0.0000000,0.9999999,0.0000000,0.0000000,0.0000000,0.0000000,img_1.jpg
0.0000476,0.0000000,0.0000014,0.0000444,0.0000116,0.9998516,0.0000005,0.0000179,0.0000060,0.0000190,img_10.jpg
0.7944881,0.0056635,0.0070896,0.0536993,0.0772513,0.0027231,0.0033942,0.0051075,0.0073556,0.0432277,img_100.jpg
0.0299721,0.0243276,0.0246216,0.0092086,0.1076831,0.0020368,0.6824692,0.0063584,0.0593071,0.0540155,img_1000.jpg
0.0003895,0.0000145,0.0000664,0.8761373,0.0127331,0.0015156,0.0005362,0.0005336,0.0351889,0.0728848,img_100000.jpg
0.0188635,0.0071037,0.0025979,0.7080233,0.1995081,0.0026837,0.0008979,0.0011936,0.0133512,0.0457773,img_100001.jpg
0.1095774,0.1255474,0.0122647,0.0325174,0.0037500,0.0669117,0.2928270,0.0010284,0.1237538,0.2318224,img_100002.jpg
0.0025010,0.1709003,0.0010355,0.5452122,0.0181789,0.0000068,0.0001605,0.0000122,0.2475712,0.0144213,img_100003.jpg
0.0241563,0.0023248,0.0093378,0.0152216,0.0295908,0.0019812,0.8198958,0.0006828,0.0924531,0.0043559,img_100004.jpg
0.0214092,0.0032057,0.0048237,0.0004272,0.0000193,0.0720366,0.0000782,0.4256890,0.2474685,0.2248427,img_100005.jpg
0.0391943,0.0271240,0.5997673,0.0116413,0.0323108,0.0076347,0.0279631,0.1000704,0.0957345,0.0585597,img_100007.jpg
0.0040499,0.0029358,0.4234087,0.0026160,0.0008930,0.0002438,0.0530728,0.0044042,0.5078241,0.0005517,img_100008.jpg
0.0492181,0.0086049,0.0170587,0.0000024,0.0001325,0.0011647,0.6492621,0.0000147,0.2733702,0.0011719,img_100009.jpg
0.0030103,0.0001534,0.0018160,0.0001106,0.0038039,0.9876172,0.0007744,0.0017456,0.0004823,0.0004864,img_10001.jpg
0.0008346,0.0002349,0.0758457,0.0208653,0.3046477,0.0000730,0.0743968,0.0012523,0.5197703,0.0020793,img_100010.jpg
0.2347787,0.0664359,0.1012191,0.1032009,0.0759243,0.0102530,0.1866054,0.1402380,0.0590353,0.0223094,img_100011.jpg
0.0000264,0.0000001,0.0000160,0.0001974,0.0021772,0.9964262,0.0000971,0.0000269,0.0000041,0.0010285,img_100012.jpg
0.1189778,0.0791446,0.0635023,0.3388818,0.0198359,0.0162399,0.0061719,0.2140774,0.1089643,0.0342040,img_100013.jpg
0.0017132,0.0035935,0.1264942,0.0002799,0.0004424,0.0014450,0.3290205,0.0022897,0.5329233,0.0017983,img_100014.jpg
0.0967763,0.0021705,0.0034697,0.0869193,0.6720786,0.0027124,0.0103758,0.0045303,0.0169580,0.1040090,img_100016.jpg
0.0001371,0.0094501,0.7887931,0.0000686,0.0000994,0.0001047,0.1827207,0.0000134,0.0180139,0.0005989,img_100017.jpg
0.0000000,0.0000002,0.0000000,0.0000000,0.0000000,0.0000000,0.0000004,0.9999993,0.0000002,0.0000000,img_100018.jpg
0.0472546,0.0193476,0.1456915,0.0178027,0.0235489,0.0365354,0.2843892,0.0132556,0.2612462,0.1509283,img_100019.jpg
0.0076534,0.0421032,0.0185980,0.0050376,0.0033579,0.0011689,0.3647824,0.1429789,0.2508921,0.1634277,img_10002.jpg
0.1615315,0.0000005,0.0000004,0.7241336,0.0989496,0.0008399,0.0000001,0.0000001,0.0006631,0.0138813,img_100020.jpg
0.9347906,0.0003535,0.0008033,0.0029142,0.0495900,0.0008841,0.0021616,0.0001976,0.0006597,0.0076455,img_100022.jpg
0.0623022,0.0000000,0.0000091,0.1080205,0.0160764,0.7996445,0.0000001,0.0000015,0.0001658,0.0137800,img_100023.jpg
0.0070242,0.0118336,0.3920901,0.4554071,0.0221282,0.0014961,0.0140422,0.0097475,0.0754907,0.0107403,img_100024.jpg
0.0023732,0.0655162,0.0094147,0.0000872,0.0000560,0.0000867,0.0117516,0.9040599,0.0056720,0.0009824,img_100025.jpg
0.0646365,0.0312743,0.0016251,0.3131142,0.3360053,0.0039820,0.0230243,0.0060313,0.0931044,0.1272027,img_100028.jpg
0.0062454,0.0074447,0.0087160,0.0021109,0.0046337,0.0107264,0.8075518,0.0000939,0.0248234,0.1276539,img_100030.jpg
0.0000000,0.0000000,0.0000000,0.0000000,0.0000000,1.0000000,0.0000000,0.0000000,0.0000000,0.0000000,img_100031.jpg
0.0039726,0.6919309,0.0000016,0.2482174,0.0368699,0.0000009,0.0000002,0.0000026,0.0164302,0.0025738,img_100032.jpg
0.0001352,0.0000003,0.0000292,0.0000196,0.0001220,0.0001686,0.0004921,0.0000086,0.0008251,0.9981993,img_100033.jpg
0.0000005,0.0298832,0.0000025,0.0000000,0.0000000,0.0000000,0.0000332,0.9700617,0.0000185,0.0000004,img_100034.jpg
0.0016045,0.1420206,0.0003443,0.0015195,0.0004564,0.8082523,0.0011206,0.0016907,0.0416197,0.0013714,img_100035.jpg
0.0000001,0.0000000,0.0000000,0.0000000,0.0000000,0.9999957,0.0000037,0.0000000,0.0000000,0.0000005,img_100037.jpg
0.0474781,0.0429046,0.4516976,0.2786056,0.0499257,0.0025539,0.0594941,0.0034038,0.0573426,0.0065941,img_100038.jpg
0.6794324,0.0080356,0.0281485,0.0426548,0.0652826,0.0066562,0.0774733,0.0006449,0.0246659,0.0670057,img_100039.jpg
0.0418739,0.0311185,0.2779354,0.0437187,0.0431170,0.0096177,0.1831632,0.3039656,0.0542580,0.0112322,img_10004.jpg
0.0264170,0.0031625,0.0063399,0.0030158,0.0102659,0.0007039,0.0880640,0.7945989,0.0602886,0.0071435,img_100040.jpg
0.0342427,0.0415619,0.0172259,0.0048228,0.0066311,0.0003757,0.7501740,0.0228149,0.1140127,0.0081384,img_100042.jpg
0.0007653,0.1352916,0.0126379,0.0002322,0.0003803,0.0016972,0.2742259,0.0004560,0.5551258,0.0191877,img_100043.jpg
0.0038990,0.0566565,0.0016686,0.0001174,0.0002964,0.0000053,0.3189312,0.4528551,0.1651397,0.0004310,img_100044.jpg
0.1421841,0.0105078,0.1838745,0.0095687,0.0091515,0.1704433,0.1729906,0.0715436,0.0855416,0.1441943,img_100047.jpg
0.0057106,0.2191839,0.0122717,0.6205158,0.1100260,0.0001334,0.0078304,0.0019583,0.0200587,0.0023111,img_100049.jpg
0.0214968,0.0017991,0.0006039,0.6665370,0.0089978,0.0004754,0.0016513,0.0184743,0.2011267,0.0788376,img_10005.jpg
0.0520181,0.0081816,0.0155928,0.0283633,0.0551353,0.0136551,0.0026219,0.8082618,0.0045537,0.0116163,img_100051.jpg
0.0008270,0.0301948,0.0015762,0.6597909,0.3031833,0.0001584,0.0007059,0.0000359,0.0027369,0.0007906,img_100052.jpg
0.0377835,0.0101128,0.0316012,0.3273564,0.0115068,0.0024694,0.0133206,0.0188523,0.1751624,0.3718346,img_100053.jpg
0.8104933,0.0000741,0.0021770,0.0399397,0.0512232,0.0000453,0.0153453,0.0000139,0.0781480,0.0025403,img_100054.jpg
0.1005037,0.0341233,0.0067118,0.0243284,0.1339093,0.0012548,0.0663384,0.3296398,0.0432872,0.2599034,img_100055.jpg
0.7628450,0.0000915,0.0000116,0.0007504,0.1515362,0.0000064,0.0013855,0.0000481,0.0004929,0.0828325,img_100056.jpg
0.0171046,0.0000001,0.0000002,0.0087036,0.0002734,0.9718871,0.0000000,0.0000063,0.0009793,0.0010454,img_100058.jpg
0.0004205,0.0000762,0.0000034,0.3983407,0.5995439,0.0000039,0.0000009,0.0000004,0.0002994,0.0013106,img_100059.jpg
0.0037688,0.0067101,0.0027676,0.0007190,0.0048121,0.0000495,0.0515135,0.9259378,0.0025871,0.0011345,img_10006.jpg
0.0000026,0.0000002,0.0000227,0.0000111,0.0000081,0.9997472,0.0000578,0.0000939,0.0000238,0.0000324,img_100060.jpg
0.4044504,0.0061924,0.0032496,0.0151256,0.0124775,0.0016022,0.0585509,0.0064676,0.0082946,0.4835892,img_100062.jpg
0.0000004,0.0000000,0.0000000,0.0000073,0.0000013,0.9999878,0.0000002,0.0000000,0.0000023,0.0000007,img_100063.jpg
0.6387011,0.0093211,0.0008668,0.0891766,0.0094324,0.0013115,0.0083809,0.0007805,0.0802843,0.1617447,img_100064.jpg
0.5090136,0.0043838,0.0078349,0.0199380,0.3776516,0.0100572,0.0041792,0.0055654,0.0131284,0.0482478,img_100066.jpg
0.0001814,0.0240682,0.0041649,0.0000033,0.0000005,0.0000046,0.0012795,0.8968653,0.0732710,0.0001614,img_100067.jpg
0.0000000,0.0000000,0.0000000,0.0000000,0.0000000,0.9999989,0.0000001,0.0000002,0.0000007,0.0000000,img_100068.jpg
0.0049428,0.0026180,0.0277889,0.0009185,0.0004302,0.0114845,0.0004107,0.0013443,0.9495937,0.0004684,img_100069.jpg
0.5973640,0.0001428,0.0007905,0.0829449,0.0438573,0.0082554,0.0034317,0.0002569,0.0182789,0.2446776,img_10007.jpg
0.0008359,0.7852926,0.0000870,0.0000054,0.0000009,0.0541417,0.0132754,0.0029854,0.1433725,0.0000033,img_100070.jpg
0.0003140,0.0079687,0.0064887,0.0000032,0.0001139,0.0004615,0.9362962,0.0000067,0.0483359,0.0000112,img_100071.jpg
0.0161168,0.0177280,0.0396081,0.2602045,0.0598500,0.0014188,0.0068429,0.0221576,0.5148247,0.0612486,img_100072.jpg
0.0019045,0.0019432,0.0186643,0.0016850,0.0136691,0.0071463,0.4505657,0.0210281,0.4261212,0.0572725,img_100073.jpg
0.0000000,0.0000000,0.0000000,0.0000000,0.0000000,0.0000000,0.0000000,1.0000000,0.0000000,0.0000000,img_100075.jpg
0.0025383,0.0027289,0.0017328,0.2428619,0.0411102,0.0086878,0.4404846,0.0370665,0.0437192,0.1790699,img_100077.jpg
0.0001252,0.0001875,0.0150488,0.0002477,0.0020472,0.0000190,0.0005508,0.9498550,0.0305433,0.0013757,img_100078.jpg
0.2245988,0.0001347,0.0000635,0.1421630,0.5911261,0.0000106,0.0001949,0.0000614,0.0017614,0.0398857,img_100079.jpg
0.2402405,0.0074954,0.0069816,0.0332531,0.0474269,0.0232838,0.0832387,0.0056649,0.5287386,0.0236764,img_10008.jpg
0.1187525,0.0044188,0.0188072,0.0105035,0.0782706,0.0109019,0.0503644,0.0519725,0.1830633,0.4729453,img_100080.jpg
0.0812618,0.0331034,0.0776865,0.4459849,0.0073904,0.1523820,0.0007584,0.0837759,0.0879516,0.0297051,img_100081.jpg
0.0001136,0.0000036,0.0000002,0.1570466,0.8426282,0.0000022,0.0000003,0.0000020,0.0000014,0.0002021,img_100082.jpg
0.0015317,0.0000018,0.0000756,0.0389213,0.0176017,0.5089372,0.0003254,0.0054737,0.0783115,0.3488200,img_100083.jpg
0.0016535,0.4943697,0.0009177,0.0004993,0.0001053,0.0359460,0.0003830,0.2061196,0.2598202,0.0001858,img_100084.jpg
0.2039257,0.0260267,0.0357071,0.0151115,0.0075585,0.0112090,0.0482784,0.0054139,0.1197058,0.5270634,img_100085.jpg
0.0006686,0.9290724,0.0000062,0.0449622,0.0210214,0.0000012,0.0000004,0.0000103,0.0034287,0.0008286,img_100086.jpg
0.0048432,0.1644958,0.0062537,0.0020183,0.0046687,0.1617752,0.5290495,0.1118122,0.0145764,0.0005070,img_100087.jpg
0.3306312,0.0000488,0.0024115,0.0029272,0.0421234,0.0020118,0.0260903,0.0001376,0.1757094,0.4179089,img_100088.jpg
0.0220789,0.0023294,0.0010351,0.0072511,0.0140959,0.0003896,0.0297474,0.8761854,0.0384109,0.0084763,img_100089.jpg
0.0019309,0.0000076,0.0000208,0.9347895,0.0423834,0.0000019,0.0000000,0.0000050,0.0172592,0.0036016,img_10009.jpg
0.3476720,0.0019208,0.0241157,0.0204746,0.0123041,0.0383652,0.0009061,0.0220685,0.0532416,0.4789314,img_100091.jpg
0.0245410,0.0177852,0.2155722,0.0093252,0.0164684,0.0422812,0.4201887,0.0251108,0.2133116,0.0154157,img_100092.jpg
0.0015877,0.0009440,0.0000136,0.0000451,0.0001556,0.9919921,0.0005597,0.0030863,0.0015099,0.0001060,img_100093.jpg
0.0000000,0.0000000,0.0000000,0.0000000,0.0000000,0.0000000,0.0000000,0.9999989,0.0000011,0.0000000,img_100094.jpg
0.0004946,0.0165036,0.0071938,0.0021567,0.0030694,0.0000276,0.7240351,0.0262157,0.2193743,0.0009292,img_100095.jpg
0.0056522,0.0000040,0.0000077,0.8826944,0.0178042,0.0470606,0.0014982,0.0004743,0.0018259,0.0429785,img_100096.jpg
0.0000009,0.0015146,0.1049833,0.0000000,0.0000000,0.0000039,0.0000180,0.0000011,0.8934776,0.0000005,img_100097.jpg
0.1633309,0.0165103,0.1175678,0.0057989,0.0072644,0.0292203,0.5884752,0.0097241,0.0455559,0.0165522,img_100098.jpg
0.0155728,0.0023119,0.0300838,0.0007883,0.0076279,0.0007968,0.0476185,0.7254692,0.1256021,0.0441287,img_100099.jpg
0.0000000,0.0000000,0.0000000,0.0000000,0.0000000,1.0000000,0.0000000,0.0000000,0.0000000,0.0000000,img_1001.jpg
0.0002410,0.0071629,0.0000007,0.0000023,0.0000072,0.9697244,0.0000060,0.0118437,0.0110038,0.0000078,img_10010.jpg
0.0002446,0.0515159,0.0134872,0.0000595,0.0000474,0.0002737,0.8270042,0.0044728,0.1027892,0.0001056,img_100101.jpg
0.0031894,0.0022975,0.0257481,0.0000980,0.0001797,0.0074621,0.0206968,0.0138408,0.9256698,0.0008178,img_100102.jpg
0.0239947,0.1625546,0.0477716,0.0114031,0.0078641,0.2605476,0.1616622,0.1204910,0.1791103,0.0246008,img_100103.jpg
0.0186262,0.0009070,0.0036256,0.1829541,0.1374553,0.0006591,0.4046521,0.0809629,0.1452160,0.0249416,img_100104.jpg
0.4895840,0.0043213,0.0278635,0.1457250,0.1066177,0.0095804,0.0766578,0.0449589,0.0497455,0.0449459,img_100105.jpg
0.0043942,0.0025630,0.0126366,0.0000571,0.0002897,0.0003157,0.0007391,0.8700636,0.1063590,0.0025821,img_100106.jpg
0.0047580,0.0092816,0.0624494,0.0019055,0.0038661,0.0062857,0.7701586,0.0010820,0.0155630,0.1246501,img_100107.jpg
0.0253006,0.0430311,0.1069111,0.4507790,0.1073076,0.0030114,0.1060255,0.0170872,0.0898708,0.0506759,img_100110.jpg
0.0694858,0.0981170,0.0504151,0.1201992,0.0054545,0.0060877,0.0548000,0.0617797,0.5087090,0.0249520,img_100111.jpg
0.0003540,0.0914932,0.0001952,0.3585507,0.0324788,0.0001510,0.0000068,0.0000361,0.5162797,0.0004545,img_100112.jpg
0.9333027,0.0009274,0.0000364,0.0602065,0.0039056,0.0003168,0.0000514,0.0000087,0.0002360,0.0010084,img_100114.jpg
0.0000057,0.0000036,0.0000601,0.0000004,0.0000131,0.0000289,0.0012239,0.9964389,0.0022006,0.0000250,img_100115.jpg
0.0145225,0.1847252,0.1257486,0.0123759,0.0118738,0.0015097,0.2797105,0.2507893,0.0694244,0.0493200,img_100117.jpg
0.0692796,0.0031765,0.0006701,0.2173532,0.5871041,0.0000233,0.0000249,0.0000514,0.0401759,0.0821408,img_100118.jpg
0.6304124,0.0111788,0.0481851,0.0128661,0.0642227,0.0419284,0.1050304,0.0367024,0.0345726,0.0149011,img_100119.jpg
0.0008646,0.0013055,0.0085590,0.0032764,0.0361903,0.0100344,0.4557133,0.0593068,0.4126393,0.0121103,img_100120.jpg
0.1022663,0.4464691,0.2222356,0.0413773,0.0046023,0.0243745,0.0473873,0.0094405,0.0958666,0.0059806,img_100122.jpg
0.0000000,0.0000000,0.0000000,0.0000000,0.0000000,0.9999999,0.0000000,0.0000000,0.0000000,0.0000001,img_100123.jpg
0.0025484,0.0198451,0.0464270,0.4181395,0.0140024,0.4753244,0.0190646,0.0001650,0.0037190,0.0007645,img_100124.jpg
0.0846682,0.0362425,0.2656649,0.0977125,0.0422049,0.0048817,0.2153637,0.0242729,0.0828312,0.1461575,img_100125.jpg
0.0004657,0.0003675,0.0295373,0.0001511,0.0001389,0.0000554,0.7978797,0.0074042,0.1639066,0.0000937,img_100127.jpg
0.0036086,0.0241110,0.0002611,0.0000924,0.0007409,0.0000059,0.0013632,0.9686724,0.0010357,0.0001088,img_100128.jpg
0.0000000,0.0000000,0.0000000,0.0000000,0.0000000,0.0000000,0.0000000,1.0000000,0.0000000,0.0000000,img_100129.jpg
0.0078911,0.0002711,0.0000817,0.8514232,0.1246670,0.0001413,0.0000124,0.0002234,0.0018388,0.0134500,img_10013.jpg
0.0140914,0.0287605,0.5868574,0.0023336,0.0007710,0.0007785,0.2362934,0.0760184,0.0495345,0.0045613,img_100130.jpg
0.0764714,0.0290015,0.0038016,0.2818674,0.2730021,0.0102829,0.0468707,0.0092261,0.2048022,0.0646740,img_100131.jpg
0.0000000,0.0000000,0.0000000,0.0000000,0.0000000,0.0000000,0.0000000,1.0000000,0.0000000,0.0000000,img_100132.jpg
0.0029300,0.0011835,0.0181934,0.0003105,0.0007797,0.0776897,0.0438322,0.1908912,0.5113857,0.1528039,img_100133.jpg
0.0012578,0.0024710,0.0169925,0.0000359,0.0000293,0.0005729,0.0034757,0.0005955,0.9714120,0.0031574,img_100134.jpg
0.0018864,0.0000079,0.0007401,0.0000179,0.0009787,0.9947500,0.0008536,0.0000995,0.0002158,0.0004500,img_100137.jpg
0.0000000,0.0000000,0.0000000,0.0000000,0.0000000,0.0000005,0.0000019,0.9999940,0.0000035,0.0000000,img_100138.jpg
0.0852405,0.1423214,0.0561023,0.0048900,0.0008747,0.0277346,0.1921230,0.0142672,0.1226149,0.3538316,img_10014.jpg
0.2172383,0.0395976,0.1598963,0.0132336,0.0060466,0.1045342,0.0565623,0.0130693,0.2089836,0.1808383,img_100140.jpg
0.0066266,0.0438869,0.0098533,0.0001660,0.0004292,0.0688618,0.4260000,0.1302779,0.3121970,0.0017014,img_100141.jpg
0.0984589,0.1018587,0.2790760,0.1732779,0.0055112,0.0050919,0.1304177,0.0244001,0.1723425,0.0095652,img_100142.jpg
0.0239786,0.2260244,0.0638263,0.0115111,0.0032443,0.0287251,0.0036840,0.3096498,0.3043607,0.0249956,img_100143.jpg
0.0253177,0.0000228,0.0000036,0.4728292,0.3816952,0.0000191,0.0000167,0.0000013,0.0043577,0.1157365,img_100146.jpg
0.0052098,0.5939695,0.0216594,0.0024734,0.0095643,0.0015464,0.0303976,0.3043582,0.0088907,0.0219308,img_100147.jpg
0.0661227,0.0059207,0.0002247,0.7514311,0.0913325,0.0011498,0.0006681,0.0006367,0.0301818,0.0523320,img_100148.jpg
0.0002027,0.0000003,0.0000009,0.9848087,0.0020208,0.0001513,0.0000435,0.0000569,0.0042913,0.0084235,img_100149.jpg
0.1159213,0.1919691,0.0013218,0.0545393,0.0170681,0.0002003,0.0048316,0.0074960,0.0073255,0.5993270,img_10015.jpg
0.0000936,0.0000000,0.0000009,0.0000000,0.0000000,0.9998952,0.0000000,0.0000000,0.0000022,0.0000081,img_100150.jpg
0.6486182,0.2194807,0.0034503,0.0119586,0.0010100,0.0002288,0.0909201,0.0025807,0.0216302,0.0001224,img_100151.jpg
0.6175746,0.0000433,0.0000008,0.0423326,0.3385383,0.0000185,0.0000441,0.0000024,0.0001099,0.0013355,img_100154.jpg
0.0000000,0.0000008,0.0000000,0.0000000,0.0000000,0.0000000,0.0000003,0.9999970,0.0000017,0.0000000,img_100156.jpg
0.3565877,0.0649475,0.0004095,0.2628874,0.0214697,0.2013807,0.0015593,0.0116344,0.0033210,0.0758029,img_100157.jpg
0.0110031,0.7409622,0.0003067,0.0370235,0.0001695,0.0004651,0.0009722,0.0005938,0.1216832,0.0868207,img_100158.jpg
0.1826793,0.0558519,0.0130232,0.6324803,0.0176067,0.0324163,0.0120725,0.0080992,0.0309339,0.0148368,img_100159.jpg
0.0000081,0.0003953,0.0001123,0.0000013,0.0000007,0.0000002,0.0019025,0.9947780,0.0027963,0.0000053,img_10016.jpg
0.1588420,0.0820081,0.2104030,0.0204914,0.0488353,0.0468678,0.1683150,0.0270244,0.0921552,0.1450579,img_100160.jpg
0.0030348,0.0014327,0.0312286,0.0069883,0.0013329,0.0345577,0.0388914,0.1299846,0.4612950,0.2912540,img_100161.jpg
0.0000014,0.0006156,0.0000017,0.0000000,0.0000001,0.0000019,0.0000018,0.9991124,0.0002605,0.0000047,img_100162.jpg
0.0001043,0.0000000,0.0000000,0.0000028,0.0000010,0.9996029,0.0000000,0.0000002,0.0000003,0.0002887,img_100163.jpg
0.1457238,0.0018848,0.0034568,0.1384311,0.4543097,0.0036411,0.0208520,0.0015084,0.1498321,0.0803601,img_100165.jpg
0.0651150,0.0046346,0.0123829,0.0334672,0.0024229,0.7638849,0.0015210,0.0011032,0.0532139,0.0622543,img_100166.jpg
0.2535345,0.0068922,0.0778154,0.0035057,0.0006147,0.0372097,0.1656609,0.0030626,0.3817185,0.0699859,img_100169.jpg
0.0190381,0.0111645,0.0206262,0.0035378,0.0067548,0.0089945,0.0388984,0.0131392,0.6285294,0.2493170,img_10017.jpg
0.0002493,0.0000158,0.0328587,0.0001167,0.0036109,0.0040795,0.3922777,0.0007877,0.5537751,0.0122286,img_100170.jpg
0.0173098,0.0805328,0.0032582,0.0022860,0.0003698,0.0022684,0.8413263,0.0096438,0.0425491,0.0004558,img_100171.jpg
0.0431735,0.0184496,0.0049428,0.0089079,0.0132395,0.0128230,0.8414304,0.0014869,0.0176730,0.0378735,img_100172.jpg
0.0104360,0.1666880,0.0338903,0.0050894,0.0031856,0.0043843,0.0572139,0.0094839,0.4218168,0.2878119,img_100173.jpg
0.7022719,0.0359392,0.0055020,0.1955602,0.0287975,0.0018382,0.0173435,0.0009570,0.0026576,0.0091330,img_100174.jpg
0.0000155,0.0002550,0.0033464,0.0000001,0.0000994,0.0008266,0.0196651,0.0000523,0.9757140,0.0000257,img_100175.jpg
0.0642660,0.2021886,0.2742834,0.0046525,0.0015220,0.0037999,0.0697393,0.0335390,0.1881377,0.1578717,img_100177.jpg
0.0381910,0.0279484,0.1182936,0.7692358,0.0164199,0.0004443,0.0186562,0.0005546,0.0034263,0.0068297,img_100178.jpg
0.0030850,0.1612438,0.0431861,0.0038350,0.0002463,0.0009056,0.0150303,0.2509371,0.4959260,0.0256048,img_100179.jpg
0.0130561,0.0006469,0.0007672,0.2894152,0.2016945,0.0031540,0.0000623,0.0015436,0.4766218,0.0130386,img_10018.jpg
0.0110334,0.2126011,0.0225547,0.0000167,0.0000855,0.0001376,0.0246307,0.1037393,0.6187661,0.0064349,img_100180.jpg
0.0019354,0.0027054,0.0063947,0.0000601,0.0000812,0.0036735,0.0075275,0.9698767,0.0018107,0.0059348,img_100182.jpg
0.0125654,0.1551141,0.0069419,0.0155545,0.0034950,0.0097146,0.0098258,0.4601220,0.0735945,0.2530722,img_100183.jpg
0.6496454,0.0251602,0.0956260,0.0265129,0.0792798,0.0430342,0.0320463,0.0168984,0.0222506,0.0095462,img_100184.jpg
0.0000000,0.0000001,0.0000000,0.0000000,0.0000000,0.0000000,0.0000003,0.9999956,0.0000028,0.0000011,img_100185.jpg
0.1960339,0.0000005,0.0000135,0.0164173,0.1778073,0.0008732,0.0000417,0.0000003,0.0038979,0.6049143,img_100186.jpg
0.5363954,0.0405720,0.0649354,0.0142976,0.0059894,0.0099288,0.0723851,0.0090464,0.0755483,0.1709015,img_100187.jpg
0.0975155,0.1111762,0.0521350,0.0701045,0.0177241,0.0086915,0.0624329,0.4432448,0.0608424,0.0761332,img_100189.jpg
0.0039394,0.0023668,0.0006238,0.8357192,0.1394893,0.0002715,0.0004835,0.0002129,0.0118463,0.0050472,img_10019.jpg
0.3075278,0.0029977,0.0074000,0.0205034,0.0676583,0.0080631,0.0457797,0.0106477,0.4140089,0.1154136,img_100192.jpg
0.0277001,0.0000000,0.0000001,0.0007489,0.0000104,0.9679673,0.0000000,0.0000000,0.0000072,0.0035659,img_100193.jpg
0.0204032,0.0440521,0.1205612,0.1161244,0.1770150,0.0039490,0.3317747,0.0090232,0.0257410,0.1513564,img_100194.jpg
0.0246214,0.0141178,0.1017207,0.3399388,0.3182865,0.0059265,0.0715523,0.0104174,0.0849198,0.0284987,img_100195.jpg
0.2022546,0.0064523,0.0009168,0.0932627,0.0079760,0.0201297,0.0016188,0.2166200,0.1197964,0.3309729,img_100196.jpg
0.0489644,0.0001424,0.0000363,0.0943444,0.1067679,0.0004061,0.0101802,0.0016281,0.0905712,0.6469589,img_100197.jpg
0.0142498,0.0356003,0.0022412,0.0015490,0.0053116,0.0025396,0.0113134,0.2954800,0.0526267,0.5790884,img_100198.jpg
0.0025476,0.0016706,0.0353583,0.0016021,0.0010050,0.0000120,0.5488721,0.0076162,0.4004099,0.0009062,img_100199.jpg
0.0000000,0.0000000,0.0000000,0.0000000,0.0000000,1.0000000,0.0000000,0.0000000,0.0000000,0.0000000,img_1002.jpg
0.0103108,0.6873310,0.0006744,0.0196424,0.0005006,0.0009041,0.0046961,0.1903379,0.0332251,0.0523777,img_10020.jpg
0.0107058,0.2490253,0.0672335,0.0016199,0.0140329,0.1797795,0.2373241,0.0373155,0.1709755,0.0319880,img_100202.jpg
0.1773810,0.0000012,0.0000018,0.5733793,0.1641123,0.0627876,0.0001476,0.0004863,0.0041946,0.0175081,img_100203.jpg
0.0123174,0.0030715,0.1124649,0.0065692,0.0028409,0.0020036,0.4558700,0.0001321,0.0365860,0.3681445,img_100204.jpg
0.2486161,0.0000458,0.0000007,0.0139864,0.7370198,0.0000032,0.0000031,0.0000172,0.0001022,0.0002056,img_100205.jpg
0.8039911,0.0941914,0.0022039,0.0853644,0.0043156,0.0001494,0.0036284,0.0002087,0.0025778,0.0033693,img_100206.jpg
0.0470337,0.0004654,0.0006973,0.0005421,0.0000783,0.0000695,0.0001893,0.0001813,0.1702010,0.7805421,img_100207.jpg
0.1764813,0.0468830,0.0013725,0.0039757,0.3136835,0.0182021,0.0015654,0.3290808,0.0379044,0.0708515,img_100208.jpg
0.0000019,0.0000002,0.0000023,0.0000000,0.0000008,0.0001839,0.0000099,0.9996507,0.0001444,0.0000057,img_100209.jpg
0.0403469,0.0027917,0.0107497,0.3527656,0.0950293,0.0008680,0.0130617,0.0010910,0.4008293,0.0824667,img_10021.jpg
0.0000008,0.0000000,0.0000017,0.0000000,0.0000002,0.9999678,0.0000000,0.0000029,0.0000012,0.0000252,img_100210.jpg
0.0019254,0.0029747,0.0000104,0.8354076,0.1533307,0.0000015,0.0002710,0.0000302,0.0008105,0.0052380,img_100211.jpg
0.0000179,0.0000023,0.0011966,0.0000001,0.0000029,0.0006804,0.2406319,0.0000001,0.0006554,0.7568125,img_100212.jpg
0.2667396,0.0153857,0.1085137,0.2137829,0.1564180,0.0112539,0.0896031,0.0014620,0.0749357,0.0619054,img_100213.jpg
0.0000008,0.0000004,0.0126473,0.0000014,0.0000001,0.0000000,0.9848939,0.0000000,0.0000694,0.0023867,img_100214.jpg
0.0000015,0.0001059,0.0000207,0.0000003,0.0000001,0.0000000,0.0000075,0.9998623,0.0000016,0.0000002,img_100216.jpg
0.1717891,0.3388743,0.1188227,0.0101731,0.0031674,0.0005127,0.2667054,0.0182546,0.0613487,0.0103522,img_100217.jpg
0.0224326,0.0286904,0.0042022,0.0089551,0.0016023,0.0002599,0.7594144,0.0036914,0.0310999,0.1396518,img_100218.jpg
0.0053918,0.0024136,0.0253837,0.0000262,0.0006701,0.0734768,0.1121663,0.0173565,0.7624531,0.0006620,img_100219.jpg
0.0033012,0.4624659,0.1377379,0.0007479,0.0000988,0.0073345,0.0685854,0.0005914,0.3189265,0.0002104,img_10022.jpg
0.0720923,0.0114056,0.0834726,0.0012513,0.0013610,0.1587881,0.0129704,0.0111691,0.0431631,0.6043264,img_100220.jpg
0.0000020,0.0000006,0.0000003,0.0000001,0.0000000,0.9999912,0.0000000,0.0000000,0.0000056,0.0000001,img_100221.jpg
0.1326213,0.0248717,0.0128043,0.0185453,0.0003752,0.0003688,0.5613701,0.0155181,0.1564514,0.0770735,img_100222.jpg
0.0369078,0.0268026,0.0084519,0.0768918,0.0108412,0.0100418,0.0037381,0.1914807,0.3807009,0.2541431,img_100223.jpg
0.1030497,0.0017001,0.0001087,0.0090375,0.6266303,0.0001296,0.1056679,0.0073323,0.1015774,0.0447665,img_100224.jpg
0.0313426,0.2530495,0.0686462,0.0212712,0.0014113,0.0199669,0.2085971,0.0903038,0.2917232,0.0136882,img_100226.jpg
0.0304015,0.0078827,0.0199709,0.0029197,0.0023630,0.0079930,0.0067591,0.0011403,0.6981259,0.2224439,img_100227.jpg
0.0211899,0.0093471,0.3893740,0.0611365,0.1188383,0.0039682,0.2170748,0.0030082,0.1396395,0.0364236,img_100228.jpg
0.0000007,0.0000000,0.0000000,0.0000000,0.0000000,0.9999390,0.0000000,0.0000000,0.0000001,0.0000602,img_100229.jpg
0.0000002,0.0000001,0.0000000,0.7215145,0.0036498,0.2747766,0.0000000,0.0000000,0.0000017,0.0000572,img_10023.jpg
0.0019020,0.0009293,0.0000343,0.8535092,0.1389767,0.0000223,0.0000930,0.0000014,0.0012484,0.0032836,img_100231.jpg
0.0002130,0.0000007,0.0000634,0.0000019,0.0000961,0.0000963,0.0001550,0.8973722,0.0933466,0.0086548,img_100233.jpg
0.0021897,0.0012806,0.0168781,0.0699185,0.0696321,0.0157323,0.0516735,0.0141958,0.0737508,0.6847485,img_100234.jpg
0.0000000,0.0000000,0.0000000,0.0000000,0.0000000,0.0000000,0.0000000,1.0000000,0.0000000,0.0000000,img_100236.jpg
0.5406830,0.0088404,0.0000011,0.0002892,0.0328728,0.0000865,0.0996565,0.1289031,0.1882601,0.0004073,img_100237.jpg
0.7869715,0.0001374,0.0000000,0.0022787,0.1977918,0.0001359,0.0000221,0.0011956,0.0027529,0.0087140,img_100238.jpg
0.0062738,0.3384413,0.0566564,0.0006268,0.0001355,0.0000281,0.1173902,0.3054676,0.1728773,0.0021030,img_100239.jpg
0.7671030,0.1541385,0.0074639,0.0073748,0.0276866,0.0030891,0.0158194,0.0020768,0.0085256,0.0067221,img_10024.jpg
0.0035289,0.0017229,0.0290811,0.0075650,0.0058270,0.3003196,0.1496696,0.0033155,0.4788378,0.0201326,img_100240.jpg
0.0002201,0.0001280,0.0151403,0.0000693,0.0000151,0.9390340,0.0010337,0.0377613,0.0065490,0.0000493,img_100243.jpg
0.0002303,0.0552840,0.0003555,0.0000000,0.0000000,0.0000017,0.0001546,0.0071361,0.9368004,0.0000374,img_100244.jpg
0.0149273,0.3986558,0.1348800,0.0000405,0.0002809,0.0008138,0.0001109,0.3757125,0.0613090,0.0132691,img_100245.jpg
0.0000000,0.0001312,0.0000001,0.0000000,0.0000000,0.0000000,0.0000008,0.9998585,0.0000094,0.0000000,img_100247.jpg
0.0080408,0.0190763,0.1776684,0.0053522,0.0212135,0.0012556,0.3146217,0.1252607,0.3069583,0.0205524,img_100248.jpg
0.0000070,0.0000000,0.0000000,0.0000025,0.0000002,0.9999722,0.0000000,0.0000000,0.0000000,0.0000181,img_100249.jpg
0.0003028,0.0058739,0.0001700,0.0000004,0.0000011,0.0000252,0.0000057,0.0002661,0.0123290,0.9810260,img_100250.jpg
0.0004942,0.0000556,0.0278146,0.0000736,0.0000439,0.0000112,0.0006813,0.0030793,0.9677007,0.0000456,img_100252.jpg
0.0371576,0.0798751,0.0070103,0.0030002,0.0022014,0.0013062,0.8274739,0.0134271,0.0280229,0.0005251,img_100253.jpg
0.0030976,0.0000012,0.0000099,0.3547342,0.4744933,0.0000873,0.0010517,0.0000003,0.0421536,0.1243710,img_100254.jpg
0.0141149,0.0043602,0.0134210,0.2346872,0.4827433,0.0111593,0.0108710,0.0207259,0.1677579,0.0401595,img_100255.jpg
0.0044220,0.0326250,0.0051856,0.0000970,0.0000100,0.0103230,0.0021856,0.1434337,0.7917658,0.0099522,img_100258.jpg
0.1346023,0.0000000,0.0000004,0.7194058,0.0747889,0.0369360,0.0000000,0.0000002,0.0004633,0.0338030,img_100259.jpg
0.0028734,0.0011116,0.0044019,0.0001131,0.0000573,0.0000496,0.0173411,0.0014054,0.9724244,0.0002221,img_10026.jpg
0.1552745,0.0000009,0.0000105,0.0036162,0.0252657,0.0000956,0.0002442,0.0000000,0.0010372,0.8144553,img_100260.jpg
0.0377200,0.0017578,0.0032994,0.4884594,0.4561783,0.0080528,0.0001537,0.0000960,0.0008769,0.0034053,img_100261.jpg
0.0000032,0.0000000,0.0000000,0.9882284,0.0117374,0.0000000,0.0000000,0.0000000,0.0000007,0.0000301,img_100262.jpg
0.0034402,0.0000429,0.0000161,0.3891609,0.5943649,0.0015788,0.0000064,0.0000034,0.0075045,0.0038819,img_100263.jpg
0.0000000,0.0000000,0.0000000,0.0000000,0.0000000,1.0000000,0.0000000,0.0000000,0.0000000,0.0000000,img_100264.jpg
0.0326651,0.0008220,0.0002295,0.5893438,0.3434920,0.0000113,0.0000165,0.0000045,0.0058538,0.0275615,img_100265.jpg
0.0002424,0.0000015,0.0001318,0.0000427,0.0016800,0.9969231,0.0002159,0.0004078,0.0000618,0.0002928,img_100266.jpg
0.0129756,0.0000044,0.0000027,0.8239718,0.0861605,0.0000020,0.0002269,0.0000000,0.0491218,0.0275342,img_100267.jpg
0.0000000,0.0000000,0.0000000,0.0000000,0.0000000,0.0000001,0.0000000,0.9999999,0.0000000,0.0000000,img_100268.jpg
0.4293372,0.0000031,0.0000305,0.1063251,0.1349896,0.0000609,0.0001919,0.0000117,0.2158435,0.1132066,img_100269.jpg
0.0058008,0.0017837,0.0144328,0.0000415,0.0000735,0.0027433,0.9661949,0.0000077,0.0064408,0.0024811,img_10027.jpg
0.0000097,0.1144766,0.0000302,0.0000000,0.0000000,0.0000000,0.0005602,0.8848915,0.0000281,0.0000037,img_100271.jpg
0.0000000,0.0000000,0.0000000,0.0000000,0.0000000,1.0000000,0.0000000,0.0000000,0.0000000,0.0000000,img_100272.jpg
0.0434121,0.9249452,0.0011296,0.0002258,0.0000129,0.0008431,0.0000965,0.0055386,0.0230642,0.0007320,img_100273.jpg
0.0007048,0.0273706,0.0005062,0.0001500,0.0000234,0.0000648,0.0034968,0.9248871,0.0286325,0.0141640,img_100274.jpg
0.0000000,0.0000000,0.0000001,0.0000000,0.0000000,0.9996668,0.0000090,0.0003206,0.0000030,0.0000003,img_100275.jpg
0.0017366,0.0875060,0.0087945,0.0011306,0.0004363,0.0003547,0.0391116,0.8291542,0.0272796,0.0044958,img_100276.jpg
0.0060416,0.0000020,0.0000047,0.1502542,0.0678595,0.0000373,0.0000913,0.0007161,0.2404661,0.5345271,img_100278.jpg
0.0567150,0.0070556,0.0111267,0.0557196,0.1493215,0.0058219,0.0258194,0.0157704,0.5054293,0.1672206,img_100279.jpg
0.0015826,0.0000901,0.0111365,0.0003836,0.0005255,0.5207295,0.0045277,0.4301922,0.0076582,0.0231741,img_10028.jpg
0.0000529,0.0000252,0.0055323,0.0000020,0.0000209,0.0000410,0.0075469,0.0003382,0.9860030,0.0004378,img_100280.jpg
0.0000000,0.0000000,0.0000000,0.0000000,0.0000000,1.0000000,0.0000000,0.0000000,0.0000000,0.0000000,img_100282.jpg
0.0481664,0.1448392,0.0337982,0.1191600,0.3152142,0.0608523,0.2245018,0.0037634,0.0296133,0.0200911,img_100283.jpg
0.0130746,0.5095152,0.1731474,0.0076718,0.0014633,0.0001926,0.0327005,0.0300546,0.2305282,0.0016518,img_100284.jpg
0.0000473,0.0001595,0.9060043,0.0000288,0.0003426,0.0004612,0.0518022,0.0003325,0.0407753,0.0000463,img_100287.jpg
0.4834340,0.0100332,0.0070152,0.3085977,0.1696000,0.0016167,0.0069273,0.0033285,0.0044321,0.0050153,img_100288.jpg
0.1887952,0.0850820,0.1231245,0.0247907,0.0070723,0.2472166,0.0116304,0.1323518,0.1159954,0.0639410,img_100289.jpg
0.0000200,0.0000314,0.0000844,0.0085088,0.0000611,0.0002285,0.0000421,0.9903600,0.0001346,0.0005292,img_10029.jpg
0.0004305,0.0001311,0.2494920,0.0121194,0.0072641,0.1374426,0.1289735,0.0415784,0.3601108,0.0624575,img_100290.jpg
0.0082481,0.0921580,0.0230510,0.0006352,0.0000295,0.0429537,0.0021537,0.0220936,0.8084786,0.0001986,img_100291.jpg
0.0000018,0.0000000,0.0000000,0.5260106,0.4739573,0.0000218,0.0000000,0.0000000,0.0000025,0.0000060,img_100292.jpg
0.8787954,0.0607254,0.0041766,0.0120106,0.0028203,0.0016900,0.0196192,0.0002029,0.0045561,0.0154035,img_100293.jpg
0.0003995,0.0000000,0.0000000,0.0002178,0.0000027,0.9993012,0.0000000,0.0000000,0.0000005,0.0000783,img_100296.jpg
0.6500274,0.0088210,0.0575565,0.0002358,0.0001663,0.0129110,0.0029200,0.0001047,0.0960334,0.1712238,img_100298.jpg
0.0002720,0.0060641,0.2219557,0.0006687,0.0022640,0.0001415,0.7554380,0.0002859,0.0083848,0.0045253,img_1003.jpg
0.1002770,0.0004543,0.0008119,0.0020681,0.0007527,0.0024404,0.0002604,0.0006589,0.0273654,0.8649109,img_10030.jpg
0.5820243,0.0077739,0.0083585,0.2039011,0.1349322,0.0090635,0.0099780,0.0102161,0.0067670,0.0269854,img_100300.jpg
0.0005153,0.0000680,0.0125681,0.0005181,0.0148167,0.0001915,0.8855997,0.0005711,0.0495217,0.0356298,img_100301.jpg
0.0007333,0.0000053,0.0000016,0.9963692,0.0028611,0.0000131,0.0000000,0.0000000,0.0000035,0.0000128,img_100302.jpg
0.0385426,0.0007110,0.0024002,0.0005470,0.0022954,0.1402987,0.0022070,0.8094887,0.0013490,0.0021605,img_100303.jpg
0.1596201,0.0563171,0.0672127,0.0302076,0.0217940,0.0377663,0.0302553,0.3140848,0.2192641,0.0634781,img_100304.jpg
0.0035533,0.0000014,0.0000005,0.9557956,0.0402966,0.0000302,0.0000001,0.0000000,0.0000274,0.0002947,img_100305.jpg
0.0115608,0.0000209,0.0001038,0.0587030,0.0384117,0.0000121,0.0224421,0.0000033,0.0995814,0.7691608,img_100306.jpg
0.0000073,0.0026183,0.0000057,0.0000000,0.0000008,0.0000062,0.9963353,0.0000001,0.0009740,0.0000523,img_100307.jpg
0.0400659,0.1211821,0.0102193,0.1706056,0.0187547,0.0007873,0.0065120,0.0065658,0.5467194,0.0785879,img_100308.jpg
0.3551270,0.0001152,0.0000068,0.4224286,0.0040900,0.0000155,0.0000000,0.0000616,0.1279379,0.0902174,img_10031.jpg
0.0015051,0.0000002,0.0000084,0.0670126,0.0025868,0.0196630,0.0034592,0.0000757,0.0387046,0.8669845,img_100310.jpg
0.0001685,0.0013211,0.0014059,0.0000793,0.0002835,0.0002505,0.9778081,0.0001105,0.0163629,0.0022098,img_100311.jpg
0.0097263,0.1052874,0.2264290,0.0003554,0.0000177,0.0005714,0.5618657,0.0026687,0.0929978,0.0000807,img_100313.jpg
0.0056007,0.0153121,0.0030932,0.0009518,0.0000193,0.0156929,0.0030728,0.0008718,0.9402870,0.0150983,img_100315.jpg
0.0901034,0.0160587,0.0426834,0.0744291,0.0276136,0.0631490,0.0367712,0.3394344,0.1938430,0.1159140,img_100316.jpg
0.0000007,0.0005860,0.2287931,0.0000000,0.0000000,0.0000000,0.2874112,0.4734481,0.0097604,0.0000003,img_100317.jpg
0.9511561,0.0203084,0.0004578,0.0195508,0.0029403,0.0000731,0.0026781,0.0000685,0.0024788,0.0002880,img_100318.jpg
0.0010442,0.0008852,0.0090036,0.0004443,0.0008502,0.0108917,0.0029025,0.8341271,0.1089347,0.0309165,img_100319.jpg
0.4376695,0.0336008,0.0679546,0.1843074,0.0509850,0.0011174,0.1831902,0.0042083,0.0336470,0.0033199,img_10032.jpg
0.0447670,0.0007107,0.0000843,0.2478486,0.0026612,0.0000312,0.0000035,0.0037384,0.5085509,0.1916039,img_100320.jpg
0.0000000,0.0000000,0.0000002,0.0000000,0.0000000,0.0000000,0.0000002,0.9999994,0.0000002,0.0000000,img_100321.jpg
0.0043685,0.0089194,0.0865092,0.0008037,0.0051193,0.0072065,0.3235222,0.0023024,0.4683519,0.0928969,img_100322.jpg
0.0031373,0.0065797,0.0031270,0.4055482,0.0844067,0.0007069,0.0207316,0.0005036,0.2520534,0.2232056,img_100323.jpg
0.0002805,0.0726354,0.0061795,0.0001246,0.0002810,0.0204877,0.8877488,0.0080398,0.0042058,0.0000171,img_100324.jpg
0.0416674,0.0000014,0.0000010,0.7357488,0.0036295,0.0000023,0.0000000,0.0000198,0.1223579,0.0965719,img_100325.jpg
0.0264992,0.0128528,0.2028494,0.3433338,0.0930606,0.0029983,0.0664633,0.0125076,0.1824087,0.0570265,img_100326.jpg
0.0236954,0.0144325,0.3118193,0.0081645,0.0166876,0.0004675,0.3486209,0.0002194,0.2568332,0.0190597,img_100329.jpg
0.0201247,0.0417600,0.2627509,0.0867464,0.0431865,0.0009575,0.0756594,0.0035752,0.4568964,0.0083430,img_10033.jpg
0.0000021,0.0003621,0.0000358,0.0000000,0.0000000,0.0000001,0.0000221,0.9995562,0.0000207,0.0000008,img_100330.jpg
0.1024755,0.0495619,0.1745099,0.1234285,0.0275270,0.0350889,0.1377758,0.0946948,0.1585944,0.0963433,img_100331.jpg
0.2272496,0.0000101,0.0001394,0.0095238,0.2486631,0.3561185,0.0643714,0.0002958,0.0037482,0.0898802,img_100332.jpg
0.7765002,0.0000976,0.0000027,0.0003836,0.0040823,0.0001565,0.0002679,0.0000064,0.0007840,0.2177189,img_100333.jpg
0.0577753,0.0175820,0.0239390,0.8436753,0.0012920,0.0013157,0.0083881,0.0308749,0.0109298,0.0042280,img_100335.jpg
0.0000190,0.0064501,0.0000124,0.0000080,0.0000012,0.0000108,0.0000426,0.9879779,0.0052812,0.0001967,img_100338.jpg
0.0080649,0.0246545,0.0140126,0.0018629,0.0002753,0.0056566,0.0066656,0.0201189,0.8761403,0.0425485,img_100340.jpg
0.0235549,0.0112293,0.0095185,0.0266073,0.0427417,0.0101408,0.7464284,0.0436485,0.0712162,0.0149144,img_100341.jpg
0.0010276,0.0019102,0.0437432,0.0010886,0.0066781,0.0000049,0.8088289,0.0001630,0.1335013,0.0030542,img_100342.jpg
0.0000006,0.0000020,0.0000144,0.0000005,0.0000002,0.9995514,0.0004021,0.0000007,0.0000118,0.0000164,img_100344.jpg
0.0642831,0.0027633,0.0273829,0.0787276,0.0266091,0.0005833,0.0026692,0.0373561,0.3552488,0.4043765,img_100345.jpg
0.0000040,0.0001041,0.0100174,0.0000004,0.0000003,0.0000006,0.0007840,0.9885062,0.0005769,0.0000059,img_100346.jpg
0.0153633,0.2687188,0.0378673,0.0047077,0.0011016,0.0001521,0.6483985,0.0054582,0.0163404,0.0018920,img_100349.jpg
0.0000000,0.0000006,0.0000000,0.0000000,0.0000000,0.0000000,0.0000000,0.9999988,0.0000005,0.0000000,img_10035.jpg
0.0070289,0.0001795,0.0001312,0.6926984,0.1898230,0.0039220,0.0002729,0.0000429,0.0322905,0.0736105,img_100350.jpg
0.0079111,0.3985214,0.0004212,0.0000002,0.0000000,0.0018349,0.0000438,0.0025035,0.5861855,0.0025784,img_100351.jpg
0.0230267,0.0484009,0.0216004,0.2640317,0.0025602,0.0009207,0.0081929,0.0014908,0.2767704,0.3530051,img_100353.jpg
0.0496628,0.1853086,0.0223658,0.0226759,0.0039487,0.0006862,0.0270581,0.2817199,0.3515036,0.0550704,img_100354.jpg
0.0748434,0.2280328,0.2530116,0.0086103,0.0064593,0.0775578,0.1089617,0.0369769,0.1390714,0.0664748,img_100355.jpg
0.1023417,0.0012366,0.0010033,0.2632031,0.3964443,0.0001634,0.0225198,0.0007704,0.0153953,0.1969220,img_100356.jpg
0.5627980,0.0087203,0.0125516,0.0176654,0.0062539,0.0032223,0.0807682,0.0023918,0.0832864,0.2223420,img_100357.jpg
0.0000000,0.0000006,0.0000000,0.0000000,0.0000000,0.0000000,0.0000073,0.9999819,0.0000101,0.0000000,img_100359.jpg
0.0744697,0.0000720,0.0008215,0.0014900,0.0010323,0.3619611,0.0012467,0.0000596,0.1193643,0.4394826,img_10036.jpg
0.3734041,0.0000005,0.0000166,0.3610850,0.0037720,0.2582277,0.0000000,0.0000000,0.0002068,0.0032872,img_100360.jpg
0.2141517,0.0003093,0.0012836,0.0052593,0.0024136,0.0020408,0.0015129,0.0000220,0.0883198,0.6846870,img_100362.jpg
0.5124245,0.0719530,0.0372354,0.1179996,0.0485421,0.0037868,0.1041947,0.0050256,0.0131204,0.0857179,img_100363.jpg
0.0772533,0.0016189,0.0006414,0.0017418,0.0172787,0.3066846,0.0375113,0.0000019,0.0125856,0.5446827,img_100366.jpg
0.0071710,0.0019711,0.0504201,0.0013416,0.0005791,0.9360656,0.0018321,0.0002157,0.0002226,0.0001809,img_100367.jpg
0.0187380,0.1025361,0.3197658,0.0067307,0.0099865,0.0195688,0.1188764,0.1070698,0.2742786,0.0224494,img_100369.jpg
0.0027781,0.4378420,0.0002431,0.0001640,0.0000160,0.2320735,0.0630553,0.0205578,0.2432272,0.0000429,img_10037.jpg
0.4324455,0.1560279,0.0652884,0.0765843,0.1728766,0.0029837,0.0337815,0.0119781,0.0217357,0.0262985,img_100370.jpg
0.6890116,0.1761618,0.0161729,0.0734303,0.0105034,0.0011733,0.0144701,0.0010141,0.0104636,0.0075988,img_100372.jpg
0.0003749,0.0000056,0.0009544,0.0000210,0.3531865,0.0038371,0.6349477,0.0029904,0.0036568,0.0000255,img_100373.jpg
0.0036238,0.2324336,0.1178119,0.0000748,0.0004647,0.0004649,0.0490521,0.1051137,0.4863225,0.0046380,img_100376.jpg
0.0074497,0.0137496,0.1628894,0.0100064,0.0019533,0.3089116,0.0404016,0.2804744,0.1715169,0.0026470,img_100377.jpg
0.0017220,0.0008933,0.0011484,0.0001465,0.0002582,0.0051902,0.0055936,0.7474048,0.1998068,0.0378362,img_100378.jpg
0.0014451,0.1813086,0.0354233,0.0021214,0.0000983,0.0003852,0.1271199,0.0028481,0.6131966,0.0360537,img_10038.jpg
0.0016201,0.5499990,0.0594694,0.0130670,0.0116937,0.0066390,0.0345389,0.1934764,0.0748552,0.0546414,img_100380.jpg
0.0623963,0.0636042,0.2836690,0.4585269,0.0111247,0.0019918,0.0647478,0.0089546,0.0312423,0.0137423,img_100381.jpg
0.0012543,0.0013902,0.0061078,0.0000685,0.0007193,0.0000081,0.9798120,0.0003337,0.0096678,0.0006383,img_100382.jpg
0.0241170,0.0033061,0.0843836,0.0079127,0.0083310,0.4969317,0.0567670,0.0714029,0.1431515,0.1036966,img_100383.jpg
0.0000003,0.0000164,0.0055378,0.0000094,0.0000025,0.0000544,0.0009226,0.9900567,0.0033918,0.0000082,img_100384.jpg
0.0000001,0.0000003,0.0000000,0.0000000,0.0000000,0.9999993,0.0000000,0.0000000,0.0000003,0.0000000,img_100385.jpg
0.0003719,0.0074978,0.0001865,0.0000202,0.0000048,0.0000008,0.0044297,0.9853581,0.0020535,0.0000767,img_100386.jpg
0.0030843,0.0239420,0.0008532,0.0012968,0.0017299,0.0001656,0.0068261,0.9327939,0.0276664,0.0016417,img_100387.jpg
0.0000001,0.0000580,0.0000003,0.0000000,0.0000000,0.0000009,0.0000002,0.9998918,0.0000471,0.0000015,img_100388.jpg
0.0638206,0.0038713,0.0315456,0.0064816,0.0148384,0.1322257,0.0181061,0.7129100,0.0085608,0.0076399,img_100389.jpg
0.0000000,0.0000000,0.0000000,0.0000000,0.0000000,1.0000000,0.0000000,0.0000000,0.0000000,0.0000000,img_100390.jpg
0.0789620,0.0025647,0.0114915,0.0044112,0.0402322,0.0375664,0.2317875,0.0247330,0.5230460,0.0452055,img_100391.jpg
